Survived,Pclass,Age,SibSp,Parch,Fare,Embarked_C,Embarked_Q,Embarked_S
0,3,22.0,1,0,7.25,False,False,True
1,1,38.0,1,0,71.2833,True,False,False
1,3,26.0,0,0,7.925,False,False,True
1,1,35.0,1,0,53.1,False,False,True
0,3,35.0,0,0,8.05,False,False,True
0,3,29.69911764705882,0,0,8.4583,False,True,False
0,1,54.0,0,0,51.8625,False,False,True
1,3,27.0,0,2,11.1333,False,False,True
1,2,14.0,1,0,30.0708,True,False,False
1,3,4.0,1,1,16.7,False,False,True
0,3,20.0,0,0,8.05,False,False,True
0,3,39.0,1,5,31.275,False,False,True
0,3,14.0,0,0,7.8542,False,False,True
1,2,29.69911764705882,0,0,13.0,False,False,True
0,3,31.0,1,0,18.0,False,False,True
1,3,29.69911764705882,0,0,7.225,True,False,False
0,2,35.0,0,0,26.0,False,False,True
1,2,34.0,0,0,13.0,False,False,True
1,3,15.0,0,0,8.0292,False,True,False
1,1,28.0,0,0,35.5,False,False,True
0,3,8.0,3,1,21.075,False,False,True
1,3,38.0,1,5,31.3875,False,False,True
0,3,29.69911764705882,0,0,7.225,True,False,False
0,1,19.0,3,2,263.0,False,False,True
1,3,29.69911764705882,0,0,7.8792,False,True,False
0,3,29.69911764705882,0,0,7.8958,False,False,True
0,1,40.0,0,0,27.7208,True,False,False
1,1,29.69911764705882,1,0,146.5208,True,False,False
1,3,29.69911764705882,0,0,7.75,False,True,False
0,1,28.0,1,0,82.1708,True,False,False
0,1,42.0,1,0,52.0,False,False,True
1,3,29.69911764705882,0,0,7.2292,True,False,False
0,3,21.0,0,0,8.05,False,False,True
0,3,18.0,2,0,18.0,False,False,True
1,3,14.0,1,0,11.2417,True,False,False
0,3,40.0,1,0,9.475,False,False,True
0,2,27.0,1,0,21.0,False,False,True
0,3,29.69911764705882,0,0,7.8958,True,False,False
1,2,3.0,1,2,41.5792,True,False,False
1,3,19.0,0,0,7.8792,False,True,False
0,3,29.69911764705882,0,0,8.05,False,False,True
0,3,29.69911764705882,1,0,15.5,False,True,False
1,3,29.69911764705882,0,0,7.75,False,True,False
0,3,29.69911764705882,2,0,21.6792,True,False,False
0,3,18.0,1,0,17.8,False,False,True
0,3,7.0,4,1,39.6875,False,False,True
0,3,21.0,0,0,7.8,False,False,True
1,1,49.0,1,0,76.7292,True,False,False
1,2,29.0,1,0,26.0,False,False,True
1,1,29.69911764705882,0,0,35.5,False,False,True
1,2,21.0,0,0,10.5,False,False,True
0,3,28.5,0,0,7.2292,True,False,False
1,2,5.0,1,2,27.75,False,False,True
0,3,11.0,5,2,46.9,False,False,True
0,3,22.0,0,0,7.2292,True,False,False
1,1,38.0,0,0,80.0,False,False,False
0,1,45.0,1,0,83.475,False,False,True
0,3,4.0,3,2,27.9,False,False,True
0,1,29.69911764705882,0,0,27.7208,True,False,False
1,3,29.69911764705882,1,1,15.2458,True,False,False
1,2,29.0,0,0,10.5,False,False,True
0,3,19.0,0,0,8.1583,False,False,True
1,3,17.0,4,2,7.925,False,False,True
0,3,26.0,2,0,8.6625,False,False,True
0,2,32.0,0,0,10.5,False,False,True
0,3,16.0,5,2,46.9,False,False,True
0,2,21.0,0,0,73.5,False,False,True
0,3,26.0,1,0,14.4542,True,False,False
1,3,32.0,0,0,56.4958,False,False,True
0,3,25.0,0,0,7.65,False,False,True
0,3,29.69911764705882,0,0,7.8958,False,False,True
0,3,29.69911764705882,0,0,8.05,False,False,True
1,3,30.0,0,0,12.475,False,False,True
0,3,22.0,0,0,9.0,False,False,True
1,3,29.0,0,0,9.5,False,False,True
1,3,29.69911764705882,0,0,7.7875,False,True,False
0,1,28.0,0,0,47.1,False,False,True
1,2,17.0,0,0,10.5,False,False,True
1,3,33.0,3,0,15.85,False,False,True
0,3,16.0,1,3,34.375,False,False,True
0,3,29.69911764705882,0,0,8.05,False,False,True
1,1,23.0,3,2,263.0,False,False,True
0,3,24.0,0,0,8.05,False,False,True
0,3,29.0,0,0,8.05,False,False,True
0,3,20.0,0,0,7.8542,False,False,True
0,1,46.0,1,0,61.175,False,False,True
0,3,26.0,1,2,20.575,False,False,True
0,3,29.69911764705882,0,0,8.05,False,False,True
1,1,23.0,0,1,63.3583,True,False,False
1,2,34.0,0,1,23.0,False,False,True
0,2,34.0,1,0,26.0,False,False,True
0,3,28.0,0,0,7.8958,False,False,True
0,3,29.69911764705882,0,0,7.8958,False,False,True
0,1,21.0,0,1,77.2875,False,False,True
0,3,33.0,0,0,8.6542,False,False,True
0,3,37.0,2,0,7.925,False,False,True
0,3,28.0,0,0,7.8958,False,False,True
1,3,21.0,0,0,7.65,False,False,True
1,3,29.69911764705882,0,0,7.775,False,False,True
0,3,38.0,0,0,7.8958,False,False,True
1,3,29.69911764705882,1,0,24.15,False,True,False
0,1,47.0,0,0,52.0,False,False,True
0,3,14.5,1,0,14.4542,True,False,False
0,3,22.0,0,0,8.05,False,False,True
0,3,20.0,1,0,9.825,False,False,True
0,3,17.0,0,0,14.4583,True,False,False
0,3,21.0,0,0,7.925,False,False,True
0,2,29.0,1,0,21.0,False,False,True
0,1,24.0,0,1,247.5208,True,False,False
0,2,21.0,2,0,73.5,False,False,True
0,3,29.69911764705882,0,0,8.05,False,False,True
0,2,32.5,1,0,30.0708,True,False,False
1,2,32.5,0,0,13.0,False,False,True
0,1,54.0,0,1,77.2875,False,False,True
1,3,12.0,1,0,11.2417,True,False,False
0,3,29.69911764705882,0,0,7.75,False,True,False
1,3,24.0,0,0,7.1417,False,False,True
1,3,29.69911764705882,1,1,22.3583,True,False,False
0,3,45.0,0,0,6.975,False,False,True
0,3,33.0,0,0,7.8958,True,False,False
0,3,20.0,0,0,7.05,False,False,True
0,3,47.0,1,0,14.5,False,False,True
1,2,29.0,1,0,26.0,False,False,True
0,2,25.0,0,0,13.0,False,False,True
0,2,23.0,0,0,15.0458,True,False,False
1,1,19.0,0,2,26.2833,False,False,True
0,1,37.0,1,0,53.1,False,False,True
0,3,16.0,0,0,9.2167,False,False,True
0,1,24.0,0,0,79.2,True,False,False
0,3,29.69911764705882,0,2,15.2458,True,False,False
1,3,22.0,0,0,7.75,False,False,True
1,3,24.0,1,0,15.85,False,False,True
0,3,19.0,0,0,6.75,False,True,False
0,2,18.0,0,0,11.5,False,False,True
0,2,19.0,1,1,36.75,False,False,True
1,3,27.0,0,0,7.7958,False,False,True
0,3,9.0,2,2,34.375,False,False,True
0,2,36.5,0,2,26.0,False,False,True
0,2,42.0,0,0,13.0,False,False,True
0,2,51.0,0,0,12.525,False,False,True
1,1,22.0,1,0,66.6,False,False,True
0,3,40.5,0,2,14.5,False,False,True
0,3,29.69911764705882,0,0,7.3125,False,False,True
0,1,51.0,0,1,61.3792,True,False,False
1,3,16.0,0,0,7.7333,False,True,False
0,3,30.0,0,0,8.05,False,False,True
0,3,29.69911764705882,0,0,8.6625,False,False,True
0,3,29.69911764705882,8,2,69.55,False,False,True
0,3,44.0,0,1,16.1,False,False,True
1,2,40.0,0,0,15.75,False,False,True
0,3,26.0,0,0,7.775,False,False,True
0,3,17.0,0,0,8.6625,False,False,True
1,3,9.0,0,2,20.525,False,False,True
1,1,29.69911764705882,0,1,55.0,False,False,True
0,3,45.0,1,4,27.9,False,False,True
0,1,29.69911764705882,0,0,25.925,False,False,True
0,3,28.0,0,0,56.4958,False,False,True
0,3,4.0,4,1,29.125,False,True,False
0,3,21.0,0,0,7.925,False,False,True
0,3,18.0,1,1,7.8542,False,False,True
0,3,29.69911764705882,3,1,25.4667,False,False,True
0,1,50.0,0,0,28.7125,True,False,False
0,2,30.0,0,0,13.0,False,False,True
0,3,36.0,0,0,0.0,False,False,True
0,3,29.69911764705882,8,2,69.55,False,False,True
0,2,29.69911764705882,0,0,15.05,True,False,False
0,3,9.0,4,2,31.3875,False,False,True
1,3,4.0,0,2,22.025,False,False,True
0,1,29.69911764705882,0,0,50.0,False,False,True
1,3,29.69911764705882,1,0,15.5,False,True,False
1,1,45.0,0,0,26.55,False,False,True
0,3,40.0,1,1,15.5,False,True,False
0,3,36.0,0,0,7.8958,False,False,True
1,2,32.0,0,0,13.0,False,False,True
0,2,19.0,0,0,13.0,False,False,True
1,3,19.0,1,0,7.8542,False,False,True
1,2,3.0,1,1,26.0,False,False,True
1,1,44.0,0,0,27.7208,True,False,False
0,3,29.69911764705882,0,0,7.75,False,True,False
0,3,42.0,0,1,8.4042,False,False,True
1,3,29.69911764705882,0,0,7.75,False,True,False
0,2,24.0,0,0,13.0,False,False,True
0,3,28.0,0,0,9.5,False,False,True
0,3,29.69911764705882,8,2,69.55,False,False,True
0,3,34.0,0,0,6.4958,False,False,True
0,3,45.5,0,0,7.225,True,False,False
1,3,18.0,0,0,8.05,False,False,True
0,3,32.0,1,0,15.85,False,False,True
1,3,26.0,0,0,18.7875,True,False,False
1,3,16.0,0,0,7.75,False,True,False
1,1,40.0,0,0,31.0,True,False,False
0,3,24.0,0,0,7.05,False,False,True
1,2,35.0,0,0,21.0,False,False,True
0,3,22.0,0,0,7.25,False,False,True
0,2,30.0,0,0,13.0,False,False,True
0,3,29.69911764705882,1,0,7.75,False,True,False
1,1,31.0,1,0,113.275,True,False,False
1,3,27.0,0,0,7.925,False,False,True
0,2,42.0,1,0,27.0,False,False,True
1,1,32.0,0,0,76.2917,True,False,False
0,2,30.0,0,0,10.5,False,False,True
1,3,16.0,0,0,8.05,False,False,True
0,2,27.0,0,0,13.0,False,False,True
0,3,51.0,0,0,8.05,False,False,True
0,3,29.69911764705882,0,0,7.8958,False,False,True
1,1,38.0,1,0,90.0,False,False,True
0,3,22.0,0,0,9.35,False,False,True
1,2,19.0,0,0,10.5,False,False,True
0,3,20.5,0,0,7.25,False,False,True
0,2,18.0,0,0,13.0,False,False,True
0,3,29.69911764705882,3,1,25.4667,False,False,True
1,1,35.0,1,0,83.475,False,False,True
0,3,29.0,0,0,7.775,False,False,True
1,3,5.0,4,2,31.3875,False,False,True
0,2,24.0,0,0,10.5,False,False,True
0,3,29.69911764705882,0,0,7.55,False,False,True
0,2,44.0,1,0,26.0,False,False,True
1,2,8.0,0,2,26.25,False,False,True
0,2,19.0,0,0,10.5,False,False,True
0,2,33.0,0,0,12.275,False,False,True
0,3,29.69911764705882,1,0,14.4542,True,False,False
1,3,29.69911764705882,1,0,15.5,False,True,False
0,2,29.0,0,0,10.5,False,False,True
0,3,22.0,0,0,7.125,False,False,True
0,3,30.0,0,0,7.225,True,False,False
0,1,44.0,2,0,90.0,False,True,False
0,3,25.0,0,0,7.775,False,False,True
1,2,24.0,0,2,14.5,False,False,True
1,1,37.0,1,1,52.5542,False,False,True
0,2,54.0,1,0,26.0,False,False,True
0,3,29.69911764705882,0,0,7.25,False,False,True
0,3,29.0,1,1,10.4625,False,False,True
0,3,30.0,1,0,16.1,False,False,True
0,3,41.0,0,2,20.2125,False,False,True
1,3,29.0,0,2,15.2458,True,False,False
1,1,29.69911764705882,0,0,79.2,True,False,False
1,1,30.0,0,0,86.5,False,False,True
1,1,35.0,0,0,512.3292,True,False,False
1,2,50.0,0,1,26.0,False,False,True
0,3,29.69911764705882,0,0,7.75,False,True,False
1,3,3.0,4,2,31.3875,False,False,True
0,1,52.0,1,1,79.65,False,False,True
0,1,40.0,0,0,0.0,False,False,True
0,3,29.69911764705882,0,0,7.75,False,True,False
0,2,36.0,0,0,10.5,False,False,True
0,3,16.0,4,1,39.6875,False,False,True
1,3,25.0,1,0,7.775,False,False,True
1,1,35.0,0,0,135.6333,False,False,True
0,1,29.69911764705882,0,0,31.0,False,False,True
1,3,25.0,0,0,0.0,False,False,True
1,2,41.0,0,1,19.5,False,False,True
0,1,37.0,0,1,29.7,True,False,False
1,3,29.69911764705882,0,0,7.75,False,True,False
0,3,45.0,0,0,7.75,False,False,True
0,2,29.69911764705882,0,0,0.0,False,False,True
0,3,7.0,4,1,29.125,False,True,False
1,3,35.0,1,1,20.25,False,False,True
0,3,28.0,0,0,7.8542,False,False,True
0,3,16.0,0,0,9.5,False,False,True
1,3,19.0,0,0,8.05,False,False,True
0,1,29.69911764705882,0,0,26.0,False,False,True
0,3,33.0,0,0,8.6625,True,False,False
1,3,30.0,0,0,9.5,False,False,True
0,3,22.0,0,0,7.8958,False,False,True
1,2,42.0,0,0,13.0,False,False,True
1,3,22.0,0,0,7.75,False,True,False
1,1,26.0,0,0,78.85,False,False,True
1,1,19.0,1,0,91.0792,True,False,False
0,2,36.0,0,0,12.875,True,False,False
0,3,24.0,0,0,8.85,False,False,True
0,3,24.0,0,0,7.8958,False,False,True
0,1,29.69911764705882,0,0,27.7208,True,False,False
0,3,23.5,0,0,7.2292,True,False,False
1,1,29.69911764705882,0,0,30.5,False,False,True
1,1,50.0,0,1,247.5208,True,False,False
1,3,29.69911764705882,0,0,7.75,False,True,False
1,3,29.69911764705882,2,0,23.25,False,True,False
0,3,19.0,0,0,0.0,False,False,True
1,2,29.69911764705882,0,0,12.35,False,True,False
0,3,29.69911764705882,0,0,8.05,False,False,True
1,1,29.69911764705882,0,0,110.8833,True,False,False
1,1,17.0,1,0,108.9,True,False,False
0,2,30.0,1,0,24.0,True,False,False
1,1,30.0,0,0,56.9292,True,False,False
1,1,24.0,0,0,83.1583,True,False,False
1,1,18.0,2,2,262.375,True,False,False
0,2,26.0,1,1,26.0,False,False,True
0,3,28.0,0,0,7.8958,False,False,True
0,2,43.0,1,1,26.25,False,False,True
1,3,26.0,0,0,7.8542,False,False,True
1,2,24.0,1,0,26.0,False,False,True
0,2,54.0,0,0,14.0,False,False,True
1,1,31.0,0,2,164.8667,False,False,True
1,1,40.0,1,1,134.5,True,False,False
0,3,22.0,0,0,7.25,False,False,True
0,3,27.0,0,0,7.8958,False,False,True
1,2,30.0,0,0,12.35,False,True,False
1,2,22.0,1,1,29.0,False,False,True
0,3,29.69911764705882,8,2,69.55,False,False,True
1,1,36.0,0,0,135.6333,True,False,False
1,2,36.0,0,0,13.0,False,False,True
1,3,31.0,1,1,20.525,False,False,True
1,1,16.0,0,1,57.9792,True,False,False
1,3,29.69911764705882,2,0,23.25,False,True,False
0,1,45.5,0,0,28.5,False,False,True
0,1,38.0,0,1,153.4625,False,False,True
0,3,16.0,2,0,18.0,False,False,True
1,1,29.69911764705882,1,0,133.65,False,False,True
0,3,29.69911764705882,0,0,7.8958,False,False,True
0,1,29.0,1,0,66.6,False,False,True
1,1,41.0,0,0,134.5,True,False,False
1,3,45.0,0,0,8.05,False,False,True
0,1,45.0,0,0,35.5,False,False,True
1,1,24.0,3,2,263.0,False,False,True
0,2,28.0,0,0,13.0,False,False,True
0,2,25.0,0,0,13.0,False,False,True
0,2,36.0,0,0,13.0,False,False,True
1,2,24.0,0,0,13.0,False,False,True
1,2,40.0,0,0,13.0,False,False,True
1,3,29.69911764705882,1,0,16.1,False,False,True
1,3,3.0,1,1,15.9,False,False,True
0,3,42.0,0,0,8.6625,False,False,True
0,3,23.0,0,0,9.225,False,False,True
0,1,29.69911764705882,0,0,35.0,False,False,True
0,3,15.0,1,1,7.2292,True,False,False
0,3,25.0,1,0,17.8,False,False,True
0,3,29.69911764705882,0,0,7.225,True,False,False
0,3,28.0,0,0,9.5,False,False,True
1,1,22.0,0,1,55.0,False,False,True
0,2,38.0,0,0,13.0,False,False,True
1,3,29.69911764705882,0,0,7.8792,False,True,False
1,3,29.69911764705882,0,0,7.8792,False,True,False
0,3,40.0,1,4,27.9,False,False,True
0,2,29.0,1,0,27.7208,True,False,False
0,3,45.0,0,1,14.4542,True,False,False
0,3,35.0,0,0,7.05,False,False,True
0,3,29.69911764705882,1,0,15.5,False,True,False
0,3,30.0,0,0,7.25,False,False,True
1,3,29.69911764705882,0,0,7.2292,True,False,False
1,3,29.69911764705882,0,0,7.75,False,True,False
1,1,24.0,0,0,69.3,True,False,False
1,1,25.0,1,0,55.4417,True,False,False
0,3,18.0,1,0,6.4958,False,False,True
0,3,19.0,0,0,8.05,False,False,True
0,1,22.0,0,0,135.6333,True,False,False
0,3,3.0,3,1,21.075,False,False,True
1,1,29.69911764705882,1,0,82.1708,True,False,False
1,3,22.0,0,0,7.25,False,False,True
0,1,27.0,0,2,211.5,True,False,False
0,3,20.0,0,0,4.0125,True,False,False
0,3,19.0,0,0,7.775,False,False,True
1,1,42.0,0,0,227.525,True,False,False
0,3,32.0,0,0,7.925,False,False,True
1,1,35.0,1,0,52.0,False,False,True
0,3,29.69911764705882,0,0,7.8958,False,False,True
0,2,18.0,0,0,73.5,False,False,True
1,2,36.0,0,0,13.0,False,False,True
0,3,29.69911764705882,0,0,7.7292,False,True,False
1,2,17.0,0,0,12.0,True,False,False
1,1,36.0,1,2,120.0,False,False,True
1,3,21.0,0,0,7.7958,False,False,True
0,3,28.0,2,0,7.925,False,False,True
1,1,23.0,1,0,113.275,True,False,False
1,3,24.0,0,2,16.7,False,False,True
0,3,22.0,0,0,7.7958,False,False,True
0,3,31.0,0,0,7.8542,False,False,True
0,2,46.0,0,0,26.0,False,False,True
0,2,23.0,0,0,10.5,False,False,True
1,2,28.0,0,0,12.65,False,False,True
1,3,39.0,0,0,7.925,False,False,True
0,3,26.0,0,0,8.05,False,False,True
0,3,21.0,1,0,9.825,False,False,True
0,3,28.0,1,0,15.85,False,False,True
0,3,20.0,0,0,8.6625,False,False,True
0,2,34.0,1,0,21.0,False,False,True
0,3,51.0,0,0,7.75,False,False,True
1,2,3.0,1,1,18.75,False,False,True
0,3,21.0,0,0,7.775,False,False,True
0,3,29.69911764705882,3,1,25.4667,False,False,True
0,3,29.69911764705882,0,0,7.8958,False,False,True
0,3,29.69911764705882,0,0,6.8583,False,True,False
1,1,33.0,1,0,90.0,False,True,False
0,2,29.69911764705882,0,0,0.0,False,False,True
1,3,44.0,0,0,7.925,False,False,True
0,3,29.69911764705882,0,0,8.05,False,False,True
1,2,34.0,1,1,32.5,False,False,True
1,2,18.0,0,2,13.0,False,False,True
0,2,30.0,0,0,13.0,False,False,True
0,3,10.0,0,2,24.15,False,False,True
0,3,29.69911764705882,0,0,7.8958,True,False,False
0,3,21.0,0,0,7.7333,False,True,False
0,3,29.0,0,0,7.875,False,False,True
0,3,28.0,1,1,14.4,False,False,True
0,3,18.0,1,1,20.2125,False,False,True
0,3,29.69911764705882,0,0,7.25,False,False,True
1,2,28.0,1,0,26.0,False,False,True
1,2,19.0,0,0,26.0,False,False,True
0,3,29.69911764705882,0,0,7.75,False,True,False
1,3,32.0,0,0,8.05,False,False,True
1,1,28.0,0,0,26.55,False,False,True
1,3,29.69911764705882,1,0,16.1,False,False,True
1,2,42.0,1,0,26.0,False,False,True
0,3,17.0,0,0,7.125,False,False,True
0,1,50.0,1,0,55.9,False,False,True
1,1,14.0,1,2,120.0,False,False,True
0,3,21.0,2,2,34.375,False,False,True
1,2,24.0,2,3,18.75,False,False,True
0,2,31.0,0,0,10.5,False,False,True
1,2,45.0,1,1,26.25,False,False,True
0,3,20.0,0,0,9.5,False,False,True
0,3,25.0,1,0,7.775,False,False,True
1,2,28.0,0,0,13.0,False,False,True
1,3,29.69911764705882,0,0,8.1125,False,False,True
1,1,4.0,0,2,81.8583,False,False,True
1,2,13.0,0,1,19.5,False,False,True
1,1,34.0,0,0,26.55,False,False,True
1,3,5.0,2,1,19.2583,True,False,False
1,1,52.0,0,0,30.5,False,False,True
0,2,36.0,1,2,27.75,False,False,True
0,3,29.69911764705882,1,0,19.9667,False,False,True
0,1,30.0,0,0,27.75,True,False,False
1,1,49.0,1,0,89.1042,True,False,False
0,3,29.69911764705882,0,0,8.05,False,False,True
1,3,29.0,0,0,7.8958,True,False,False
1,1,29.69911764705882,1,0,51.8625,False,False,True
1,2,50.0,0,0,10.5,False,False,True
0,3,29.69911764705882,0,0,7.75,False,True,False
1,1,48.0,0,0,26.55,False,False,True
0,3,34.0,0,0,8.05,False,False,True
0,1,47.0,0,0,38.5,False,False,True
0,2,48.0,0,0,13.0,False,False,True
0,3,29.69911764705882,0,0,8.05,False,False,True
0,3,38.0,0,0,7.05,False,False,True
0,2,29.69911764705882,0,0,0.0,False,False,True
0,3,29.69911764705882,0,0,7.725,False,True,False
0,3,29.69911764705882,0,0,7.25,False,False,True
0,3,38.0,0,0,8.6625,False,False,True
1,2,33.0,1,2,27.75,False,False,True
1,2,23.0,0,0,13.7917,True,False,False
0,3,22.0,0,0,9.8375,False,False,True
0,1,29.69911764705882,0,0,52.0,False,False,True
0,2,34.0,1,0,21.0,False,False,True
0,3,29.0,1,0,7.0458,False,False,True
0,3,22.0,0,0,7.5208,False,False,True
0,3,9.0,5,2,46.9,False,False,True
0,2,29.69911764705882,0,0,0.0,False,False,True
0,3,50.0,0,0,8.05,False,False,True
1,1,25.0,1,0,91.0792,True,False,False
0,3,29.69911764705882,3,1,25.4667,False,False,True
1,1,35.0,1,0,90.0,False,False,True
0,3,30.0,0,0,8.05,False,False,True
1,3,9.0,1,1,15.9,False,False,True
0,3,29.69911764705882,1,0,19.9667,False,False,True
0,3,21.0,0,0,7.25,False,False,True
0,3,21.0,0,0,8.05,False,False,True
0,3,29.69911764705882,0,0,14.4583,True,False,False
1,1,54.0,1,0,78.2667,True,False,False
0,3,29.69911764705882,0,0,15.1,False,False,True
0,1,25.0,1,2,151.55,False,False,True
0,3,24.0,0,0,7.7958,False,False,True
0,3,17.0,0,0,8.6625,False,False,True
0,3,21.0,0,0,7.75,False,True,False
0,3,29.69911764705882,0,0,7.6292,False,True,False
0,3,37.0,0,0,9.5875,False,False,True
1,1,16.0,0,0,86.5,False,False,True
0,1,18.0,1,0,108.9,True,False,False
1,2,33.0,0,2,26.0,False,False,True
1,1,29.69911764705882,0,0,26.55,False,False,True
0,3,28.0,0,0,22.525,False,False,True
1,3,26.0,0,0,56.4958,False,False,True
1,3,29.0,0,0,7.75,False,True,False
0,3,29.69911764705882,0,0,8.05,False,False,True
1,1,36.0,0,0,26.2875,False,False,True
1,1,54.0,1,0,59.4,True,False,False
0,3,24.0,0,0,7.4958,False,False,True
0,1,47.0,0,0,34.0208,False,False,True
1,2,34.0,0,0,10.5,False,False,True
0,3,29.69911764705882,0,0,24.15,False,True,False
1,2,36.0,1,0,26.0,False,False,True
0,3,32.0,0,0,7.8958,False,False,True
1,1,30.0,0,0,93.5,False,False,True
0,3,22.0,0,0,7.8958,False,False,True
0,3,29.69911764705882,0,0,7.225,True,False,False
1,1,44.0,0,1,57.9792,True,False,False
0,3,29.69911764705882,0,0,7.2292,True,False,False
0,3,40.5,0,0,7.75,False,True,False
1,2,50.0,0,0,10.5,False,False,True
0,1,29.69911764705882,0,0,221.7792,False,False,True
0,3,39.0,0,0,7.925,False,False,True
0,2,23.0,2,1,11.5,False,False,True
0,3,29.69911764705882,0,0,7.2292,True,False,False
0,3,17.0,1,1,7.2292,True,False,False
1,3,29.69911764705882,0,2,22.3583,True,False,False
0,3,30.0,0,0,8.6625,False,False,True
1,2,7.0,0,2,26.25,False,False,True
0,1,45.0,0,0,26.55,False,False,True
1,1,30.0,0,0,106.425,True,False,False
0,3,29.69911764705882,0,0,14.5,False,False,True
1,1,22.0,0,2,49.5,True,False,False
1,1,36.0,0,2,71.0,False,False,True
0,3,9.0,4,2,31.275,False,False,True
0,3,11.0,4,2,31.275,False,False,True
1,2,32.0,1,0,26.0,False,False,True
0,1,50.0,1,0,106.425,True,False,False
1,2,19.0,1,0,26.0,False,False,True
1,2,29.69911764705882,0,0,13.8625,True,False,False
0,3,33.0,1,1,20.525,False,False,True
1,2,8.0,1,1,36.75,False,False,True
1,1,17.0,0,2,110.8833,True,False,False
0,2,27.0,0,0,26.0,False,False,True
0,3,29.69911764705882,0,0,7.8292,False,True,False
1,3,22.0,0,0,7.225,True,False,False
1,3,22.0,0,0,7.775,False,False,True
1,1,48.0,1,0,39.6,True,False,False
0,1,29.69911764705882,0,0,227.525,True,False,False
1,1,39.0,1,1,79.65,False,False,True
1,3,36.0,1,0,17.4,False,False,True
0,3,29.69911764705882,0,0,7.75,False,True,False
0,3,40.0,0,0,7.8958,False,False,True
0,2,28.0,0,0,13.5,False,False,True
0,3,29.69911764705882,0,0,8.05,False,False,True
0,3,29.69911764705882,0,0,8.05,False,False,True
0,3,24.0,2,0,24.15,False,False,True
0,3,19.0,0,0,7.8958,False,False,True
0,3,29.0,0,4,21.075,False,False,True
0,3,29.69911764705882,0,0,7.2292,True,False,False
1,3,32.0,0,0,7.8542,False,False,True
1,1,53.0,2,0,51.4792,False,False,True
1,1,36.0,0,0,26.3875,False,False,True
1,3,29.69911764705882,0,0,7.75,False,True,False
0,3,16.0,0,0,8.05,False,False,True
0,3,19.0,0,0,14.5,False,False,True
1,2,34.0,0,0,13.0,False,False,True
1,1,39.0,1,0,55.9,False,False,True
0,3,29.69911764705882,1,0,14.4583,True,False,False
1,3,32.0,0,0,7.925,False,False,True
1,2,25.0,1,1,30.0,False,False,True
1,1,39.0,1,1,110.8833,True,False,False
0,2,54.0,0,0,26.0,False,False,True
0,1,36.0,0,0,40.125,True,False,False
0,3,29.69911764705882,0,0,8.7125,True,False,False
1,1,18.0,0,2,79.65,False,False,True
0,2,47.0,0,0,15.0,False,False,True
0,3,22.0,0,0,8.05,False,False,True
0,3,29.69911764705882,0,0,8.05,False,False,True
0,3,35.0,0,0,7.125,False,False,True
1,1,52.0,1,0,78.2667,True,False,False
0,3,47.0,0,0,7.25,False,False,True
0,3,29.69911764705882,0,2,7.75,False,True,False
0,2,37.0,1,0,26.0,False,False,True
0,3,36.0,1,1,24.15,False,False,True
1,2,29.69911764705882,0,0,33.0,False,False,True
0,3,49.0,0,0,0.0,False,False,True
0,3,29.69911764705882,0,0,7.225,True,False,False
1,1,49.0,1,0,56.9292,True,False,False
1,2,24.0,2,1,27.0,False,False,True
0,3,29.69911764705882,0,0,7.8958,False,False,True
0,1,29.69911764705882,0,0,42.4,False,False,True
0,3,44.0,0,0,8.05,False,False,True
1,1,35.0,0,0,26.55,True,False,False
0,3,36.0,1,0,15.55,False,False,True
0,3,30.0,0,0,7.8958,False,False,True
1,1,27.0,0,0,30.5,False,False,True
1,2,22.0,1,2,41.5792,True,False,False
1,1,40.0,0,0,153.4625,False,False,True
0,3,39.0,1,5,31.275,False,False,True
0,3,29.69911764705882,0,0,7.05,False,False,True
1,3,29.69911764705882,1,0,15.5,False,True,False
0,3,29.69911764705882,0,0,7.75,False,True,False
0,3,35.0,0,0,8.05,False,False,True
1,2,24.0,1,2,65.0,False,False,True
0,3,34.0,1,1,14.4,False,False,True
0,3,26.0,1,0,16.1,False,False,True
1,2,4.0,2,1,39.0,False,False,True
0,2,26.0,0,0,10.5,False,False,True
0,3,27.0,1,0,14.4542,True,False,False
1,1,42.0,1,0,52.5542,False,False,True
1,3,20.0,1,1,15.7417,True,False,False
0,3,21.0,0,0,7.8542,False,False,True
0,3,21.0,0,0,16.1,False,False,True
1,1,21.0,0,0,77.9583,False,False,True
0,3,26.0,0,0,7.8958,False,False,True
0,3,29.69911764705882,0,0,7.7333,False,True,False
0,3,51.0,0,0,7.0542,False,False,True
1,1,32.0,0,0,30.5,True,False,False
0,1,29.69911764705882,0,0,0.0,False,False,True
0,3,9.0,3,2,27.9,False,False,True
1,2,28.0,0,0,13.0,False,False,True
0,3,32.0,0,0,7.925,False,False,True
0,2,31.0,1,1,26.25,False,False,True
0,3,41.0,0,5,39.6875,False,False,True
0,3,29.69911764705882,1,0,16.1,False,False,True
0,3,20.0,0,0,7.8542,False,False,True
1,1,24.0,0,0,69.3,True,False,False
1,3,29.69911764705882,0,0,56.4958,False,False,True
1,1,48.0,1,0,76.7292,True,False,False
0,3,19.0,0,0,7.8958,False,False,True
0,3,29.69911764705882,0,0,7.55,False,False,True
1,3,23.0,0,0,7.55,False,False,True
0,3,29.69911764705882,0,0,7.8958,False,False,True
1,2,18.0,0,1,23.0,False,False,True
0,3,21.0,0,0,8.4333,False,False,True
1,3,29.69911764705882,0,0,7.8292,False,True,False
0,3,18.0,0,0,6.75,False,True,False
0,2,24.0,2,0,73.5,False,False,True
0,3,29.69911764705882,0,0,7.8958,False,False,True
0,3,32.0,1,1,15.5,False,True,False
0,2,23.0,0,0,13.0,False,False,True
1,1,50.0,2,0,133.65,False,False,True
0,3,40.0,0,0,7.225,True,False,False
0,1,47.0,0,0,25.5875,False,False,True
0,3,36.0,0,0,7.4958,False,False,True
1,3,20.0,1,0,7.925,False,False,True
0,2,32.0,2,0,73.5,False,False,True
0,2,25.0,0,0,13.0,False,False,True
0,3,29.69911764705882,0,0,7.775,False,False,True
0,3,43.0,0,0,8.05,False,False,True
1,1,29.69911764705882,1,0,52.0,False,False,True
1,2,40.0,1,1,39.0,False,False,True
0,1,31.0,1,0,52.0,False,False,True
1,2,31.0,0,0,13.0,False,False,True
0,2,29.69911764705882,0,0,0.0,False,False,True
0,3,18.0,0,0,7.775,False,False,True
0,3,24.5,0,0,8.05,False,False,True
1,3,18.0,0,0,9.8417,False,False,True
0,3,43.0,1,6,46.9,False,False,True
1,1,36.0,0,1,512.3292,True,False,False
0,3,29.69911764705882,0,0,8.1375,False,True,False
1,1,27.0,0,0,76.7292,True,False,False
0,3,20.0,0,0,9.225,False,False,True
0,3,14.0,5,2,46.9,False,False,True
0,2,25.0,1,2,41.5792,True,False,False
0,3,14.0,4,1,39.6875,False,False,True
0,3,19.0,0,0,10.1708,False,False,True
0,3,18.0,0,0,7.7958,False,False,True
1,1,15.0,0,1,211.3375,False,False,True
1,1,31.0,1,0,57.0,False,False,True
1,3,4.0,0,1,13.4167,True,False,False
1,3,29.69911764705882,0,0,56.4958,False,False,True
0,3,25.0,0,0,7.225,True,False,False
0,2,52.0,0,0,13.5,False,False,True
0,3,44.0,0,0,8.05,False,False,True
1,3,29.69911764705882,0,0,7.7333,False,True,False
0,1,49.0,1,1,110.8833,True,False,False
0,3,42.0,0,0,7.65,False,False,True
1,1,18.0,1,0,227.525,True,False,False
1,1,35.0,0,0,26.2875,False,False,True
0,3,18.0,0,1,14.4542,True,False,False
0,3,25.0,0,0,7.7417,False,True,False
0,3,26.0,1,0,7.8542,False,False,True
0,2,39.0,0,0,26.0,False,False,True
1,2,45.0,0,0,13.5,False,False,True
1,1,42.0,0,0,26.2875,False,False,True
1,1,22.0,0,0,151.55,False,False,True
1,3,29.69911764705882,1,1,15.2458,True,False,False
1,1,24.0,0,0,49.5042,True,False,False
0,1,29.69911764705882,0,0,26.55,False,False,True
1,1,48.0,1,0,52.0,False,False,True
0,3,29.0,0,0,9.4833,False,False,True
0,2,52.0,0,0,13.0,False,False,True
0,3,19.0,0,0,7.65,False,False,True
1,1,38.0,0,0,227.525,True,False,False
1,2,27.0,0,0,10.5,False,False,True
0,3,29.69911764705882,0,0,15.5,False,True,False
0,3,33.0,0,0,7.775,False,False,True
1,2,6.0,0,1,33.0,False,False,True
0,3,17.0,1,0,7.0542,False,False,True
0,2,34.0,0,0,13.0,False,False,True
0,2,50.0,0,0,13.0,False,False,True
1,1,27.0,1,0,53.1,False,False,True
0,3,20.0,0,0,8.6625,False,False,True
1,2,30.0,3,0,21.0,False,False,True
1,3,29.69911764705882,0,0,7.7375,False,True,False
0,2,25.0,1,0,26.0,False,False,True
0,3,25.0,1,0,7.925,False,False,True
1,1,29.0,0,0,211.3375,False,False,True
0,3,11.0,0,0,18.7875,True,False,False
0,2,29.69911764705882,0,0,0.0,False,False,True
0,2,23.0,0,0,13.0,False,False,True
0,2,23.0,0,0,13.0,False,False,True
0,3,28.5,0,0,16.1,False,False,True
0,3,48.0,1,3,34.375,False,False,True
1,1,35.0,0,0,512.3292,True,False,False
0,3,29.69911764705882,0,0,7.8958,False,False,True
0,3,29.69911764705882,0,0,7.8958,False,False,True
1,1,29.69911764705882,0,0,30.0,False,False,True
0,1,36.0,1,0,78.85,False,False,True
1,1,21.0,2,2,262.375,True,False,False
0,3,24.0,1,0,16.1,False,False,True
1,3,31.0,0,0,7.925,False,False,True
0,3,16.0,1,1,20.25,False,False,True
1,2,30.0,0,0,13.0,False,False,True
0,1,19.0,1,0,53.1,False,False,True
0,3,31.0,0,0,7.75,False,True,False
1,2,4.0,1,1,23.0,False,False,True
1,3,6.0,0,1,12.475,False,False,True
0,3,33.0,0,0,9.5,False,False,True
0,3,23.0,0,0,7.8958,False,False,True
1,2,48.0,1,2,65.0,False,False,True
0,3,28.0,0,0,7.7958,False,False,True
0,2,18.0,0,0,11.5,False,False,True
0,3,34.0,0,0,8.05,False,False,True
1,1,33.0,0,0,86.5,False,False,True
0,3,29.69911764705882,0,0,14.5,False,False,True
0,3,41.0,0,0,7.125,False,False,True
1,3,20.0,0,0,7.2292,True,False,False
1,1,36.0,1,2,120.0,False,False,True
0,3,16.0,0,0,7.775,False,False,True
1,1,51.0,1,0,77.9583,False,False,True
0,1,29.69911764705882,0,0,39.6,True,False,False
0,3,30.5,0,0,7.75,False,True,False
0,3,29.69911764705882,1,0,24.15,False,True,False
0,3,32.0,0,0,8.3625,False,False,True
0,3,24.0,0,0,9.5,False,False,True
0,3,48.0,0,0,7.8542,False,False,True
0,3,29.69911764705882,0,0,7.225,True,False,False
1,2,54.0,1,3,23.0,False,False,True
0,3,18.0,0,0,7.75,False,False,True
0,3,29.69911764705882,0,0,7.75,False,True,False
1,3,5.0,0,0,12.475,False,False,True
0,3,29.69911764705882,0,0,7.7375,False,True,False
1,1,43.0,0,1,211.3375,False,False,True
1,3,13.0,0,0,7.2292,True,False,False
1,1,17.0,1,0,57.0,False,False,True
0,1,29.0,0,0,30.0,False,False,True
0,3,29.69911764705882,1,2,23.45,False,False,True
0,3,25.0,0,0,7.05,False,False,True
0,3,25.0,0,0,7.25,False,False,True
1,3,18.0,0,0,7.4958,False,False,True
0,3,8.0,4,1,29.125,False,True,False
0,1,46.0,0,0,79.2,True,False,False
0,3,29.69911764705882,0,0,7.75,False,True,False
0,2,16.0,0,0,26.0,False,False,True
0,3,29.69911764705882,8,2,69.55,False,False,True
0,1,29.69911764705882,0,0,30.6958,True,False,False
0,3,25.0,0,0,7.8958,False,False,True
0,2,39.0,0,0,13.0,False,False,True
1,1,49.0,0,0,25.9292,False,False,True
1,3,31.0,0,0,8.6833,False,False,True
0,3,30.0,0,0,7.2292,True,False,False
0,3,30.0,1,1,24.15,False,False,True
0,2,34.0,0,0,13.0,False,False,True
1,2,31.0,1,1,26.25,False,False,True
1,1,11.0,1,2,120.0,False,False,True
1,3,27.0,0,0,6.975,False,False,True
0,3,31.0,0,0,7.775,False,False,True
0,1,39.0,0,0,0.0,False,False,True
0,3,18.0,0,0,7.775,False,False,True
0,2,39.0,0,0,13.0,False,False,True
1,1,33.0,1,0,53.1,False,False,True
0,3,26.0,0,0,7.8875,False,False,True
0,3,39.0,0,0,24.15,False,False,True
0,2,35.0,0,0,10.5,False,False,True
0,3,6.0,4,2,31.275,False,False,True
0,3,30.5,0,0,8.05,False,False,True
0,1,29.69911764705882,0,0,0.0,False,False,True
0,3,23.0,0,0,7.925,False,False,True
0,2,31.0,1,1,37.0042,True,False,False
0,3,43.0,0,0,6.45,False,False,True
0,3,10.0,3,2,27.9,False,False,True
1,1,52.0,1,1,93.5,False,False,True
1,3,27.0,0,0,8.6625,False,False,True
0,1,38.0,0,0,0.0,False,False,True
1,3,27.0,0,1,12.475,False,False,True
0,3,29.69911764705882,0,0,6.95,False,True,False
0,3,29.69911764705882,0,0,56.4958,False,False,True
1,3,29.69911764705882,0,0,7.75,False,True,False
1,3,15.0,1,0,14.4542,True,False,False
0,3,29.69911764705882,0,0,7.2292,True,False,False
0,3,23.0,0,0,7.8542,False,False,True
0,3,18.0,0,0,8.3,False,False,True
1,1,39.0,1,1,83.1583,True,False,False
0,3,21.0,0,0,8.6625,False,False,True
0,3,29.69911764705882,0,0,8.05,False,False,True
1,3,32.0,0,0,56.4958,False,False,True
1,1,29.69911764705882,0,0,29.7,True,False,False
0,3,20.0,0,0,7.925,False,False,True
0,2,16.0,0,0,10.5,False,False,True
1,1,30.0,0,0,31.0,True,False,False
0,3,34.5,0,0,6.4375,True,False,False
0,3,17.0,0,0,8.6625,False,False,True
0,3,42.0,0,0,7.55,False,False,True
0,3,29.69911764705882,8,2,69.55,False,False,True
0,3,35.0,0,0,7.8958,True,False,False
0,2,28.0,0,1,33.0,False,False,True
1,1,29.69911764705882,1,0,89.1042,True,False,False
0,3,4.0,4,2,31.275,False,False,True
0,3,9.0,1,1,15.2458,True,False,False
1,1,16.0,0,1,39.4,False,False,True
0,2,44.0,1,0,26.0,False,False,True
1,3,18.0,0,1,9.35,False,False,True
1,1,45.0,1,1,164.8667,False,False,True
1,1,51.0,0,0,26.55,False,False,True
1,3,24.0,0,3,19.2583,True,False,False
0,3,29.69911764705882,0,0,7.2292,True,False,False
0,3,41.0,2,0,14.1083,False,False,True
0,2,21.0,1,0,11.5,False,False,True
1,1,48.0,0,0,25.9292,False,False,True
0,3,29.69911764705882,8,2,69.55,False,False,True
0,2,24.0,0,0,13.0,False,False,True
1,2,42.0,0,0,13.0,False,False,True
1,2,27.0,1,0,13.8583,True,False,False
0,1,31.0,0,0,50.4958,False,False,True
0,3,29.69911764705882,0,0,9.5,False,False,True
1,3,4.0,1,1,11.1333,False,False,True
0,3,26.0,0,0,7.8958,False,False,True
1,1,47.0,1,1,52.5542,False,False,True
0,1,33.0,0,0,5.0,False,False,True
0,3,47.0,0,0,9.0,False,False,True
1,2,28.0,1,0,24.0,True,False,False
1,3,15.0,0,0,7.225,True,False,False
0,3,20.0,0,0,9.8458,False,False,True
0,3,19.0,0,0,7.8958,False,False,True
0,3,29.69911764705882,0,0,7.8958,False,False,True
1,2,25.0,0,1,26.0,False,False,True
0,3,33.0,0,0,7.8958,False,False,True
0,3,22.0,0,0,10.5167,False,False,True
0,2,28.0,0,0,10.5,False,False,True
0,3,25.0,0,0,7.05,False,False,True
0,3,39.0,0,5,29.125,False,True,False
0,2,27.0,0,0,13.0,False,False,True
1,1,19.0,0,0,30.0,False,False,True
0,3,29.69911764705882,1,2,23.45,False,False,True
1,1,26.0,0,0,30.0,True,False,False
0,3,32.0,0,0,7.75,False,True,False
